[[ 1 -1  1  0  1]
 [ 0  0 -1  0  0]
 [ 1  0  1  0  1]
 ..., 
 [-1  0  0  1  1]
 [ 0  0  1  1  0]
 [-1  0  1  0  0]]
[[ 1  5  2  5 15]
 [ 1  8  1  5 19]
 [ 7  8  3 13 15]
 ..., 
 [10  4  9  8 23]
 [ 5 10  4 11 25]
 [22 20 20 45 72]]
Nodes: 250, Services: 3, Viruses: 1, Datadir: 1, Edges: 6225
Cost Attack: [2 2 2 5 8], Cost Defense: [3 3 3 6 0]
Game points: 100, 100 | State score: [0 0 0] -> [71338  5927     0] | Maintenance: 435
---------
--- 256.113148928 seconds ---

0
43190
43259
43220
43218
43231
43243
43203
43248
43293
43234
43170
43299
43232
43156
43187
43261
43268
43315
43323
43294
43212
43227
43249
43290
43209
43224
43220
43257
43293
43296
43239
43233
43280
43266
43243
43239
43246
43230
43221
43227
43191
43222
43276
43260
43238
43244
43241
43222
43234
43244
43146
43172
43252
43233
43266
43232
43187
43247
43254
43276
43274
43332
43308
43272
43205
43334
43215
43236
43250
43351
43248
43204
43230
43343
43276
43298
43255
43185
43366
43553
43229
43179
43376
43211
43148
43333
43266
43149
43295
43240
43268
43195
43417
43255
43178
43217
43324
43269
43264

